val: Scanning /home/agamy/Downloads/Yolo-Project-main/Final/datasets/coco128/labels/train2017.cache... 126 images, 2 backgrounds, 0 corrupt: 100%|██████████| 128/128 [00:00<?, ?it/s]
                 Class     Images  Instances      Box(P          R      mAP50  mAP50-95): 100%|██████████| 8/8 [24:04<00:00, 180.58s/it]
                   all        128        929      0.834      0.742      0.856      0.699
                person         61        254      0.933      0.715      0.877      0.688
               bicycle          3          6          1      0.489      0.839      0.676
                   car         12         46      0.932      0.297      0.659      0.377
            motorcycle          4          5      0.776          1      0.995      0.877
              airplane          5          6      0.935          1      0.995      0.966
                   bus          5          7      0.829      0.714      0.843      0.747
                 train          3          3       0.85          1      0.995      0.995
                 truck          5         12      0.732      0.458      0.649      0.399
                  boat          2          6          1      0.713      0.843      0.617
         traffic light          4         14          1       0.28      0.526      0.291
             stop sign          2          2      0.846          1      0.995      0.895
                 bench          5          9          1      0.652       0.88      0.594
                  bird          2         16      0.974          1      0.995      0.718
                   cat          4          4       0.88          1      0.995      0.917
                   dog          9          9      0.896      0.957      0.984       0.92
                 horse          1          2      0.801          1      0.995      0.799
              elephant          4         17      0.982      0.941      0.979      0.893
                  bear          1          1      0.698          1      0.995      0.895
                 zebra          2          4      0.879          1      0.995      0.995
               giraffe          4          9      0.905          1      0.995       0.78
              backpack          4          6      0.634      0.833      0.847      0.621
              umbrella          4         18      0.849      0.938      0.952      0.746
               handbag          9         19      0.828      0.508      0.606       0.43
                   tie          6          7      0.907      0.714      0.815      0.565
              suitcase          2          4      0.926          1      0.995      0.689
               frisbee          5          5      0.869        0.8      0.806      0.731
                  skis          1          1      0.737          1      0.995      0.895
             snowboard          2          7      0.936      0.857      0.873      0.857
           sports ball          6          6      0.756      0.667      0.676      0.553
                  kite          2         10      0.684        0.3      0.591      0.157
          baseball bat          4          4      0.914          1      0.995       0.54
        baseball glove          4          7          1      0.635      0.862      0.436
            skateboard          3          5      0.653        0.6      0.754       0.52
         tennis racket          5          7      0.849      0.714      0.723      0.434
                bottle          6         18      0.859        0.5      0.741      0.536
            wine glass          5         16          1      0.499      0.897      0.588
                   cup         10         36      0.925      0.682      0.887      0.635
                  fork          6          6      0.449        0.5      0.588      0.478
                 knife          7         16      0.913      0.654       0.83      0.606
                 spoon          5         22      0.886      0.636      0.752      0.581
                  bowl          9         28       0.94       0.75      0.822      0.732
                banana          1          1      0.698          1      0.995      0.995
              sandwich          2          2      0.963          1      0.995      0.995
                orange          1          4          1       0.71      0.995      0.743
              broccoli          4         11      0.725      0.182      0.453       0.38
                carrot          3         24      0.815      0.552      0.831      0.635
               hot dog          1          2      0.584          1      0.995      0.995
                 pizza          5          5      0.912          1      0.995       0.92
                 donut          2         14      0.837          1      0.986      0.925
                  cake          4          4      0.667          1      0.995      0.903
                 chair          9         35      0.734      0.314      0.716      0.518
                 couch          5          6      0.853      0.969      0.972      0.802
          potted plant          9         14      0.839      0.571      0.809      0.648
                   bed          3          3      0.874          1      0.995      0.765
          dining table         10         13      0.727      0.692       0.79      0.688
                toilet          2          2       0.85          1      0.995      0.995
                    tv          2          2      0.736          1      0.995      0.846
                laptop          2          3          1      0.882      0.995      0.964
                 mouse          2          2          1          0      0.546      0.491
                remote          5          8      0.903      0.625      0.715      0.635
            cell phone          5          8      0.826      0.597      0.597       0.42
             microwave          3          3      0.762          1      0.995      0.931
                  oven          5          5       0.37        0.4      0.368      0.294
                  sink          4          6      0.489        0.5      0.662      0.547
          refrigerator          5          5      0.808          1      0.962       0.81
                  book          6         29      0.828      0.345      0.674      0.477
                 clock          8          9      0.885      0.858      0.943       0.82
                  vase          2          2       0.44          1      0.995      0.995
              scissors          1          1          1          0      0.995      0.697
            teddy bear          6         21          1      0.655      0.912      0.698
            toothbrush          2          5      0.747        0.8       0.84      0.724
