                 Class     Images  Instances      Box(P          R      mAP50  m
                   all        128        929       0.66      0.593      0.674      0.507
                person         61        254      0.799      0.693       0.79      0.542
               bicycle          3          6      0.388      0.167      0.424      0.269
                   car         12         46      0.653      0.196      0.243      0.152
            motorcycle          4          5       0.65          1      0.995      0.789
              airplane          5          6      0.845      0.833      0.955      0.845
                   bus          5          7      0.772      0.714      0.726      0.654
                 train          3          3       0.75      0.999       0.83      0.748
                 truck          5         12       0.47       0.25      0.379      0.236
                  boat          2          6      0.337       0.34      0.456      0.342
         traffic light          4         14      0.504      0.143      0.234      0.152
             stop sign          2          2      0.811          1      0.995      0.798
                 bench          5          9          1      0.417      0.657      0.357
                  bird          2         16       0.95          1      0.995       0.66
                   cat          4          4      0.766          1      0.995      0.834
                   dog          9          9      0.637      0.778      0.905      0.712
                 horse          1          2       0.56          1      0.995      0.796
              elephant          4         17      0.873      0.941      0.947      0.751
                  bear          1          1      0.613          1      0.995      0.995
                 zebra          2          4      0.848          1      0.995      0.971
               giraffe          4          9      0.817      0.889      0.947      0.716
              backpack          4          6      0.816      0.333      0.412      0.218
              umbrella          4         18      0.906      0.536      0.738      0.409
               handbag          9         19      0.355     0.0526       0.17      0.115
                   tie          6          7      0.972      0.571       0.77       0.55
              suitcase          2          4      0.681          1      0.995      0.618
               frisbee          5          5      0.687        0.8      0.759      0.673
                  skis          1          1       0.52          1      0.995      0.431
             snowboard          2          7      0.655      0.546      0.735      0.447
           sports ball          6          6      0.446      0.411      0.529      0.327
                  kite          2         10      0.684      0.435      0.525      0.192
          baseball bat          4          4      0.462       0.25      0.296      0.168
        baseball glove          4          7        0.7      0.429      0.429      0.226
            skateboard          3          5      0.966        0.6      0.724      0.469
         tennis racket          5          7      0.536        0.5      0.565      0.324
                bottle          6         18       0.62      0.333      0.497      0.315
            wine glass          5         16      0.669      0.438      0.654      0.358
                   cup         10         36      0.723      0.278      0.403      0.286
                  fork          6          6      0.579      0.167      0.244      0.206
                 knife          7         16      0.789        0.5      0.621      0.407
                 spoon          5         22      0.895      0.273      0.429      0.298
                  bowl          9         28      0.556      0.715      0.675      0.572
                banana          1          1      0.312          1      0.995      0.895
              sandwich          2          2       0.36        0.5      0.497      0.497
                orange          1          4          1          0      0.828      0.544
              broccoli          4         11      0.355      0.182      0.238      0.213
                carrot          3         24      0.721        0.5      0.646      0.434
               hot dog          1          2      0.523          1      0.995      0.995
                 pizza          5          5      0.615          1      0.995      0.844
                 donut          2         14      0.597          1      0.868      0.774
                  cake          4          4      0.574          1      0.995      0.785
                 chair          9         35      0.473      0.543       0.54      0.307
                 couch          5          6      0.693      0.833      0.762      0.599
          potted plant          9         14       0.83      0.571      0.711      0.523
                   bed          3          3      0.698      0.793      0.913       0.69
          dining table         10         13      0.528      0.615      0.567      0.464
                toilet          2          2      0.612        0.5      0.551      0.536
                    tv          2          2      0.631          1      0.995      0.821
                laptop          2          3          1      0.407      0.775      0.654
                 mouse          2          2          1          0      0.135     0.0135
                remote          5          8      0.695        0.5      0.525      0.446
            cell phone          5          8          1          0        0.2     0.0956
             microwave          3          3      0.484          1      0.995      0.897
                  oven          5          5      0.231        0.4      0.356      0.294
                  sink          4          6      0.303      0.167      0.267      0.198
          refrigerator          5          5      0.827          1      0.995      0.667
                  book          6         29      0.582      0.103      0.392      0.221
                 clock          8          9      0.808      0.778      0.866      0.731
                  vase          2          2      0.452          1      0.995      0.895
              scissors          1          1          0          0          0          0
            teddy bear          6         21      0.674      0.333      0.646      0.428
            toothbrush          2          5          1      0.864      0.995      0.621