val: Scanning /home/agamy/Downloads/Yolo-Project-main/Final/datasets/coco128/labels/train2017.cache... 126 images, 2 backgrounds, 0 corrupt: 100%|██████████| 128/128 [00:00<?, ?it/s]
                 Class     Images  Instances      Box(P          R      mAP50  mAP50-95): 100%|██████████| 8/8 [03:46<00:00, 28.32s/it]
                   all        128        929      0.797      0.664       0.76      0.589
                person         61        254      0.922      0.681      0.827      0.625
               bicycle          3          6          1      0.322      0.451      0.267
                   car         12         46      0.891      0.217        0.4       0.23
            motorcycle          4          5      0.793      0.773      0.928       0.78
              airplane          5          6      0.864          1      0.995      0.836
                   bus          5          7      0.802      0.714        0.8      0.721
                 train          3          3      0.732          1      0.995      0.852
                 truck          5         12      0.716      0.417      0.546      0.324
                  boat          2          6      0.764      0.547       0.72      0.481
         traffic light          4         14      0.835      0.214      0.365      0.229
             stop sign          2          2      0.941          1      0.995      0.822
                 bench          5          9       0.73      0.444      0.652       0.33
                  bird          2         16      0.934          1      0.988      0.694
                   cat          4          4      0.922          1      0.995      0.929
                   dog          9          9       0.78      0.778      0.915      0.742
                 horse          1          2      0.794          1      0.995      0.797
              elephant          4         17      0.954      0.941      0.952      0.778
                  bear          1          1      0.551          1      0.995      0.895
                 zebra          2          4       0.88          1      0.995      0.971
               giraffe          4          9      0.723      0.889      0.961      0.764
              backpack          4          6      0.937        0.5      0.703      0.483
              umbrella          4         18      0.926      0.692      0.846      0.625
               handbag          9         19          1      0.175      0.437      0.271
                   tie          6          7          1      0.749      0.859      0.627
              suitcase          2          4          1       0.96      0.995      0.697
               frisbee          5          5      0.728        0.8      0.803      0.677
                  skis          1          1      0.608          1      0.995      0.697
             snowboard          2          7      0.814      0.631        0.8      0.622
           sports ball          6          6      0.687      0.667      0.637      0.442
                  kite          2         10      0.723        0.4      0.582      0.261
          baseball bat          4          4      0.571      0.357      0.691      0.255
        baseball glove          4          7      0.848      0.429      0.431      0.255
            skateboard          3          5      0.883        0.4      0.717      0.421
         tennis racket          5          7      0.696      0.714       0.67      0.341
                bottle          6         18      0.559      0.353      0.561      0.374
            wine glass          5         16      0.759        0.5      0.782      0.545
                   cup         10         36       0.88      0.409      0.789      0.513
                  fork          6          6       0.65      0.167      0.375      0.245
                 knife          7         16      0.899      0.556      0.819      0.577
                 spoon          5         22      0.854      0.545       0.68      0.497
                  bowl          9         28      0.862       0.75      0.793      0.684
                banana          1          1      0.695          1      0.995      0.995
              sandwich          2          2          1      0.904      0.995      0.995
                orange          1          4      0.792          1      0.945      0.639
              broccoli          4         11      0.655      0.182      0.334      0.276
                carrot          3         24      0.778      0.584      0.724      0.531
               hot dog          1          2      0.752          1      0.995      0.995
                 pizza          5          5      0.871          1      0.995      0.843
                 donut          2         14      0.783          1      0.963      0.888
                  cake          4          4      0.855          1      0.995      0.855
                 chair          9         35      0.513        0.4      0.537      0.306
                 couch          5          6          1      0.776      0.972      0.785
          potted plant          9         14          1       0.71      0.879      0.622
                   bed          3          3      0.653      0.667      0.567      0.426
          dining table         10         13      0.601      0.463      0.651      0.552
                toilet          2          2          1       0.96      0.995      0.895
                    tv          2          2       0.64          1      0.995      0.846
                laptop          2          3      0.867      0.667      0.806       0.76
                 mouse          2          2          1          0      0.181     0.0765
                remote          5          8      0.881        0.5      0.625      0.546
            cell phone          5          8      0.795        0.5      0.508      0.317
             microwave          3          3      0.605          1      0.995      0.865
                  oven          5          5       0.42        0.4      0.376      0.301
                  sink          4          6      0.438      0.333      0.421      0.308
          refrigerator          5          5      0.734          1      0.995      0.816
                  book          6         29      0.732      0.207      0.505      0.253
                 clock          8          9      0.926      0.889      0.961      0.798
                  vase          2          2      0.298          1      0.828      0.828
              scissors          1          1          1          0          0          0
            teddy bear          6         21      0.913      0.502      0.799      0.559
            toothbrush          2          5      0.944        0.8      0.962      0.769
