val: Scanning /home/agamy/Downloads/Yolo-Project-main/Final/datasets/coco128/labels/train2017.cache... 126 images, 2 backgrounds, 0 corrupt: 100%|██████████| 128/128 [00:00<?, ?it/s]
                 Class     Images  Instances      Box(P          R      mAP50  mAP50-95): 100%|██████████| 8/8 [03:25<00:00, 25.69s/it]
                   all        128        929      0.784      0.653      0.751      0.577
                person         61        254        0.9      0.685      0.829      0.609
               bicycle          3          6      0.579      0.333      0.421      0.319
                   car         12         46      0.773      0.223      0.449      0.253
            motorcycle          4          5      0.814          1      0.962      0.767
              airplane          5          6        0.9      0.833      0.942      0.892
                   bus          5          7      0.931      0.714      0.759      0.696
                 train          3          3      0.746          1      0.995       0.82
                 truck          5         12       0.82      0.382      0.573      0.344
                  boat          2          6      0.896        0.5      0.659      0.485
         traffic light          4         14      0.728      0.143      0.283      0.195
             stop sign          2          2      0.788          1      0.995      0.848
                 bench          5          9          1      0.467      0.748       0.38
                  bird          2         16      0.979          1      0.995      0.701
                   cat          4          4      0.875          1      0.995      0.906
                   dog          9          9      0.913      0.889      0.975      0.815
                 horse          1          2      0.605          1      0.995      0.797
              elephant          4         17      0.914      0.882      0.935      0.815
                  bear          1          1      0.681          1      0.995      0.895
                 zebra          2          4      0.875          1      0.995      0.972
               giraffe          4          9       0.94          1      0.995       0.79
              backpack          4          6      0.747      0.333       0.54      0.319
              umbrella          4         18      0.808      0.469      0.795      0.537
               handbag          9         19      0.599      0.158      0.277      0.175
                   tie          6          7      0.787      0.429      0.696      0.508
              suitcase          2          4      0.863       0.75      0.945      0.676
               frisbee          5          5      0.708        0.8      0.764      0.691
                  skis          1          1      0.802          1      0.995      0.796
             snowboard          2          7      0.829      0.697      0.713        0.6
           sports ball          6          6      0.814      0.667      0.672      0.429
                  kite          2         10          1      0.348      0.608      0.165
          baseball bat          4          4       0.88       0.75      0.749      0.204
        baseball glove          4          7      0.556      0.429      0.432      0.282
            skateboard          3          5      0.709        0.4      0.718      0.536
         tennis racket          5          7      0.831      0.705       0.67      0.354
                bottle          6         18      0.509      0.333      0.552      0.347
            wine glass          5         16      0.881      0.467      0.767      0.493
                   cup         10         36      0.836      0.426      0.694      0.496
                  fork          6          6      0.566      0.167      0.413      0.318
                 knife          7         16      0.956      0.562      0.765      0.531
                 spoon          5         22      0.848      0.506      0.663       0.44
                  bowl          9         28      0.908      0.709      0.727      0.647
                banana          1          1      0.607          1      0.995      0.995
              sandwich          2          2      0.661          1      0.663      0.663
                orange          1          4          1      0.562      0.995      0.747
              broccoli          4         11      0.705      0.182      0.339      0.274
                carrot          3         24       0.78      0.591      0.785      0.541
               hot dog          1          2      0.567          1      0.995      0.995
                 pizza          5          5      0.676          1      0.995      0.824
                 donut          2         14      0.716          1      0.909      0.842
                  cake          4          4      0.703          1      0.995      0.884
                 chair          9         35      0.638      0.604      0.638      0.385
                 couch          5          6      0.819       0.76      0.847      0.667
          potted plant          9         14          1       0.56      0.883      0.602
                   bed          3          3      0.548      0.667      0.753      0.531
          dining table         10         13      0.738      0.692      0.722      0.555
                toilet          2          2      0.948          1      0.995      0.897
                    tv          2          2      0.599          1      0.995      0.821
                laptop          2          3      0.879      0.667      0.775      0.732
                 mouse          2          2          1          0      0.509      0.153
                remote          5          8          1       0.59       0.72      0.631
            cell phone          5          8      0.494      0.124      0.233      0.124
             microwave          3          3      0.827          1      0.995      0.863
                  oven          5          5      0.514        0.4      0.418      0.341
                  sink          4          6      0.526        0.5      0.353      0.279
          refrigerator          5          5      0.875        0.8      0.938      0.713
                  book          6         29      0.583      0.145      0.451      0.243
                 clock          8          9      0.912      0.778      0.898      0.731
                  vase          2          2      0.313          1      0.995      0.895
              scissors          1          1          1          0     0.0663     0.0133
            teddy bear          6         21      0.919      0.619      0.805      0.573
            toothbrush          2          5          1      0.958      0.995      0.617
