val: Scanning /home/agamy/Downloads/Yolo-Project-main/Final/datasets/coco128/labels/train2017.cache... 126 images, 2 backgrounds, 0 corrupt: 100%|██████████| 128/128 [00:00<?, ?it/s]
                 Class     Images  Instances      Box(P          R      mAP50  mAP50-95): 100%|██████████| 8/8 [12:19<00:00, 92.38s/it] 
                   all        128        929      0.756      0.733      0.801      0.637
                person         61        254      0.885      0.725      0.866      0.666
               bicycle          3          6          1      0.474      0.585       0.47
                   car         12         46      0.886      0.261      0.515      0.328
            motorcycle          4          5      0.758          1      0.995      0.826
              airplane          5          6      0.938          1      0.995      0.948
                   bus          5          7      0.627      0.714      0.756      0.691
                 train          3          3      0.824          1      0.995      0.952
                 truck          5         12      0.638      0.442      0.543      0.347
                  boat          2          6          1       0.72      0.837      0.657
         traffic light          4         14      0.641      0.214      0.378      0.215
             stop sign          2          2       0.79          1      0.995      0.895
                 bench          5          9      0.725      0.667      0.752       0.47
                  bird          2         16      0.961          1      0.995        0.7
                   cat          4          4      0.853          1      0.995      0.906
                   dog          9          9      0.944      0.889      0.968      0.892
                 horse          1          2      0.733          1      0.995      0.699
              elephant          4         17      0.953      0.941      0.958      0.863
                  bear          1          1      0.635          1      0.995      0.895
                 zebra          2          4       0.86          1      0.995      0.974
               giraffe          4          9      0.829          1      0.995      0.755
              backpack          4          6      0.593      0.734      0.708      0.525
              umbrella          4         18      0.823      0.944      0.936      0.696
               handbag          9         19      0.686      0.368      0.459      0.281
                   tie          6          7      0.547      0.714      0.722      0.561
              suitcase          2          4      0.767          1      0.945      0.679
               frisbee          5          5      0.636        0.8      0.806        0.7
                  skis          1          1      0.624          1      0.995      0.895
             snowboard          2          7      0.878      0.857      0.889        0.8
           sports ball          6          6      0.738      0.667      0.642      0.462
                  kite          2         10      0.622        0.3      0.441       0.13
          baseball bat          4          4      0.536      0.589       0.55      0.366
        baseball glove          4          7      0.758      0.429      0.556      0.352
            skateboard          3          5        0.5        0.6      0.777       0.57
         tennis racket          5          7          1      0.688       0.72      0.396
                bottle          6         18      0.705      0.533      0.665      0.471
            wine glass          5         16          1      0.651      0.925      0.591
                   cup         10         36      0.853      0.482      0.741       0.52
                  fork          6          6      0.576        0.5      0.525       0.37
                 knife          7         16      0.809      0.688      0.838      0.575
                 spoon          5         22      0.863      0.591      0.716      0.582
                  bowl          9         28      0.749       0.75      0.801      0.703
                banana          1          1      0.349          1      0.497      0.497
              sandwich          2          2      0.468          1      0.828      0.828
                orange          1          4      0.782          1      0.995      0.791
              broccoli          4         11      0.706      0.182      0.364      0.298
                carrot          3         24      0.765      0.679      0.805      0.599
               hot dog          1          2       0.58          1      0.828      0.828
                 pizza          5          5      0.759          1      0.962      0.879
                 donut          2         14      0.754          1       0.99      0.915
                  cake          4          4       0.65          1      0.995      0.909
                 chair          9         35      0.681      0.743      0.697      0.484
                 couch          5          6      0.893          1      0.995        0.8
          potted plant          9         14      0.812       0.62      0.746       0.57
                   bed          3          3      0.818          1      0.995      0.475
          dining table         10         13      0.673      0.769      0.722       0.62
                toilet          2          2          1      0.904      0.995      0.995
                    tv          2          2      0.739          1      0.995      0.846
                laptop          2          3      0.911      0.667      0.789      0.668
                 mouse          2          2          1          0      0.663      0.322
                remote          5          8          1      0.625      0.805      0.684
            cell phone          5          8      0.763        0.5       0.54      0.406
             microwave          3          3      0.709          1      0.995      0.931
                  oven          5          5      0.376        0.4      0.471      0.329
                  sink          4          6      0.409        0.5      0.465      0.371
          refrigerator          5          5      0.817      0.902      0.962      0.802
                  book          6         29      0.612      0.207      0.482      0.317
                 clock          8          9      0.702      0.787      0.917      0.801
                  vase          2          2      0.511          1      0.995      0.945
              scissors          1          1          1          0      0.995      0.398
            teddy bear          6         21      0.881      0.619      0.916      0.671
            toothbrush          2          5      0.814          1      0.995       0.85
